4223 
814 171 1132 6766 2774 6389 4832 1379 7103 8943 
852 1540 2652 8926 5335 6750 7327 7883 2091 3410 
2076 7404 9443 3664 5486 4736 7468 1411 4329 8234 
7009 9582 9199 4321 1625 4309 4422 4407 948 8575 
2890 3001 6135 5865 6879 8503 4196 4287 1050 7013 
5742 2727 7425 2337 2459 3375 239 6198 3162 1720 
8957 9856 9367 4962 541 4368 3516 6555 361 3906 
6347 130 7900 9086 7321 8849 8350 1164 1501 3402 
3318 220 7578 1328 5723 1556 1513 5961 9996 1755 
6491 8739 769 8614 9341 5957 5185 240 749 936 
4789 2624 1547 8214 1053 4789 900 5825 2017 8101 
795 8263 3659 8183 4824 5108 7476 3437 294 7480 
2011 7831 8072 7115 1245 3796 4492 4239 9073 601 
2755 1813 7284 647 1711 2770 2405 3672 6077 3523 
3121 6698 4725 814 1665 7551 4656 4123 5170 2548 
5434 7300 6374 2353 1240 1193 1081 7041 8092 4790 
5447 2851 9990 473 2172 3183 6637 2591 4844 797 
5854 1134 7812 5618 3348 776 6992 6477 809 8126 
7743 7505 2668 8099 6004 291 8660 5011 7422 7879 
2516 5908 3146 5893 6703 7900 5767 3330 3533 4243 
8554 9965 7023 2010 8691 2487 6896 2252 432 4614 
8044 6564 7809 4812 5141 335 6652 7043 8484 1235 
1090 8188 4781 897 9377 7369 8166 6471 5291 999 
4249 7608 4855 6480 4631 6432 3111 3439 4704 8819 
2842 357 9377 3045 2738 1628 8941 6080 6904 2282 
2655 4993 4895 4969 2078 1907 5878 3653 5138 8257 
9954 9525 806 5878 5132 4381 1983 4375 2102 6339 
6284 2899 2372 8065 8847 8106 3577 1930 3723 6876 
943 7184 1373 8339 6395 342 9008 1636 5520 5394 
476 5026 947 1829 1567 19 831 6445 1710 9975 
8682 331 8558 230 1079 6369 7054 9210 6126 7582 
7623 5885 5785 3357 8631 3027 1296 1546 9274 6091 
4007 6439 4219 2706 374 8719 601 9849 4538 4185 
9165 4297 9546 7982 7547 7092 2780 2638 7319 3517 
9865 5568 5114 6810 1278 4985 9445 2201 52 943 
6757 1825 4339 2142 5736 9690 5091 3355 3855 192 
3363 615 3492 868 3373 8678 4990 7539 7961 208 
2290 5115 722 7992 844 3900 7334 9451 7087 1467 
9569 475 2745 5933 7884 4893 8186 225 8402 1248 
1911 7486 5556 255 4858 4608 8061 2457 1724 4477 
1640 9455 4566 2253 9377 9309 6868 1945 5001 108 
8619 595 5966 2743 3165 8823 8842 4749 4682 9328 
59 8567 5529 413 9427 3595 4456 134 5185 4480 
3232 1354 1664 3954 8844 106 7422 9096 9883 4588 
2623 4580 9364 9048 1811 5467 8586 6983 7013 8806 
432 638 1798 3832 7342 3733 3354 5394 4501 8988 
3841 2259 5168 9392 4248 1555 5307 9083 3969 2049 
8456 7706 1376 1995 5664 7683 1656 8719 4215 4678 
9494 2896 3363 4723 1803 5147 7390 8284 6848 843 
8234 6877 1269 5657 596 5897 8442 3304 7932 5447 
9042 752 4100 8797 3573 7449 7655 2587 3733 2155 
5437 2251 1747 1587 732 4615 4706 4040 352 2684 
6716 7711 7150 4734 6693 2428 4453 1484 589 7290 
3415 694 1881 141 199 364 6052 7541 3730 1240 
1026 1622 9507 2286 9301 950 2514 275 9892 1623 
1085 6092 5368 4198 2074 2121 1321 5442 6315 7314 
937 7569 3315 480 6479 4735 2008 991 4022 7609 
3305 818 7431 4249 3858 4520 8821 5794 2478 286 
4887 4127 6316 3749 811 7 1013 1061 2809 9924 
5933 5090 1494 6932 6376 4622 7738 2480 3263 5343 
2756 4491 2355 5426 1596 6124 562 928 8729 6896 
5415 1232 7509 137 182 4206 5581 6348 6840 7738 
2493 8986 468 2596 8172 9677 671 935 9780 902 
8502 323 5892 996 6809 6095 5849 7383 3562 6798 
1355 2069 9910 8322 3716 8893 1459 1023 8886 3163 
5147 5265 9229 5324 3415 2624 1411 1602 2528 323 
1475 2650 738 1683 7136 1435 4691 8018 7271 3282 
6978 3499 3553 2332 2803 1995 6990 1987 3562 2144 
4463 1901 2549 9217 2786 2289 6751 9583 19 1708 
2067 8923 5377 8259 9326 5720 255 1626 6744 1617 
3852 2500 9571 7406 3317 204 1957 1315 1721 595 
2851 2218 1646 7210 2223 3795 4914 5587 8788 5656 
1172 8803 2126 9798 484 7851 6559 2041 2920 6119 
272 5942 5569 534 4741 6511 1470 9708 3492 579 
1519 6548 2023 276 2604 3546 64 8429 1047 504 
8013 804 1039 9359 7644 2940 7782 6664 9376 798 
4565 971 836 9737 4383 5232 6063 3815 3364 837 
2858 2706 7511 4032 9486 3127 2337 5796 4065 6713 
4135 8521 7554 6601 5226 2423 6275 2501 7470 595 
3815 8223 5757 2670 2252 4208 3164 634 8986 5629 
8254 623 5452 8616 6200 5117 2751 8121 4214 3122 
9401 6399 8044 2398 7948 6865 1102 1941 2235 5098 
6196 7892 1628 5557 7128 3048 7663 9189 2306 2060 
6366 4345 2694 9298 6005 7854 1612 1460 3971 1460 
1665 3418 3345 7701 8620 1086 7139 4260 4404 7199 
2461 8739 7056 3619 6441 119 4910 8833 166 6976 
7576 1021 5698 131 8835 8597 7499 9658 4218 9836 
1010 1584 5420 6085 1425 4997 5393 355 2174 4760 
6466 7918 3217 1126 7897 9032 3747 8078 2631 3792 
4952 9559 7797 5847 1886 6468 4429 6225 1174 7431 
938 7679 2530 5779 109 6491 4656 9590 2642 3859 
3046 9351 8690 2553 9022 9661 4714 2202 1988 2305 
7723 3198 9934 7556 2707 2752 4475 147 7293 6927 
2063 9802 5140 2003 1214 1879 430 4275 615 9713 
8327 375 1619 5097 5306 1066 5421 3135 3784 1858 
1476 5592 2146 5523 4047 4046 8489 305 3185 1273 
8073 1413 8990 6797 4944 4945 7772 1028 8373 5047 
669 3293 2391 3799 9932 5140 3380 7687 6213 5572 
2300 3545 9931 7435 6228 6279 2788 4574 3311 7730 
6839 7724 3018 6363 6266 2599 4919 3761 1397 7680 
7068 3149 6139 5186 8460 378 1897 7634 1111 2618 
1759 9621 9438 3460 9712 8947 362 1410 2677 539 
7325 1066 7206 3463 1208 5499 1995 6624 3311 827 
3152 1301 2474 7198 7672 4409 7677 8714 6067 9578 
8459 2025 5139 393 8054 5694 7819 1783 3306 6667 
185 8573 8827 4243 2390 2991 7324 8507 2539 9681 
3121 3639 8742 2970 7847 4546 9709 6904 6562 829 
3938 2981 9288 9116 1528 2697 2989 8382 1429 8143 
8349 1004 6649 9468 3633 9075 8974 4126 6108 1045 
8047 2273 3798 2044 1278 1544 4811 5745 6641 1081 
1924 5564 6109 1466 1990 301 3286 7195 1065 3083 
2358 772 2684 4875 8892 3713 4007 9731 9878 7995 
5138 5807 9698 9064 8468 6547 1281 3654 590 1154 
4957 9508 4249 2415 589 897 8861 6258 7639 5321 
19 3710 4293 1261 798 7473 9227 5955 5893 2731 
8199 3502 356 1458 6922 4415 5012 1700 1142 7548 
9704 4335 3865 1680 474 4926 5561 3218 1189 6405 
1760 7131 9572 9295 1099 6210 10 9493 9293 539 
2756 2482 1673 2864 5004 5397 2943 2381 7759 8247 
3430 6482 2273 7582 9132 1253 6751 5600 1082 9222 
9702 6124 9388 2375 8659 8454 4047 8300 6010 369 
6219 3199 6202 2978 2675 7144 3456 6530 2010 8410 
7484 3748 2585 9793 4017 7464 4783 1579 1217 3759 
1848 1940 6888 7840 5280 7735 2663 3226 3514 7986 
1780 1035 3692 7673 2592 4401 990 9646 4618 9727 
9395 415 6946 3650 454 4592 3488 6516 8633 1243 
8454 1073 9962 7717 3603 4408 5223 9587 8954 5236 
2819 7340 1442 8396 8121 6321 7503 8216 3809 2522 
5761 6901 3089 7699 5355 1290 1830 4071 2071 1548 
1219 9148 9496 9871 7704 4511 3536 5726 487 8465 
1347 1229 9923 7907 3643 860 2474 1197 190 6543 
2965 1237 9757 3164 5949 2030 8366 4052 2304 4735 
1212 2566 5172 7734 7357 2065 9227 9757 3205 7656 
8904 1835 106 3067 1890 5614 5399 5571 3510 8519 
4660 9389 4929 3494 6774 5132 3550 2105 3619 5512 
8717 863 3497 3851 5845 5298 8735 7454 3323 2500 
4732 7567 9331 4088 4710 4966 1495 1397 9326 3945 
710 6967 3067 3580 6350 1382 5348 8156 9725 779 
7970 1598 4244 47 8804 8419 5150 5367 2309 960 
6191 2334 7531 4331 8880 2081 3857 1800 618 6736 
5336 597 7345 2147 618 9362 212 1996 4079 1862 
7634 604 9187 5054 2238 5960 2615 8022 486 2861 
5974 2621 1440 3857 2156 20 8454 4061 8226 5255 
8549 1960 1709 4416 3248 1061 5128 3800 746 8512 
2703 1840 3156 8292 2558 2047 691 49 472 3148 
5813 2396 1308 2062 7318 6056 6453 978 4446 5204 
2178 7677 4749 5172 9557 258 3739 3172 4703 7382 
217 1882 9948 9651 1499 252 7051 1098 5002 7074 
9057 1324 581 2749 7406 6795 9480 7384 9408 7820 
9808 3150 6519 3760 557 557 57 19 7929 2105 
3894 4644 2136 1907 3982 3895 592 2587 850 311 
2443 5108 9577 7744 8027 7927 1508 9451 5454 7915 
1764 8827 5746 6932 9578 6089 1947 4537 2751 3259 
418 1179 8165 778 9120 626 4734 9139 2155 26 
8587 3982 464 2766 1608 7406 2418 7795 2838 552 
2945 5497 937 2087 7263 8045 5059 6831 5071 690 
7248 9345 2367 642 500 1631 5656 8927 498 1457 
1699 5295 9647 454 1150 4744 7557 1278 9040 216 
5372 7432 4297 1288 6102 1656 7613 9377 9722 3276 
722 2064 5989 3614 3192 7670 331 1564 1945 3779 
2403 2887 2993 9748 7092 3193 1232 747 5434 6298 
4205 4446 1230 852 6493 9762 7573 3094 1077 6281 
5704 3366 8796 553 9780 2907 6100 3600 770 9433 
58 4389 7178 6974 828 4433 435 9085 7612 2093 
542 6441 2482 3901 4516 8388 6694 3166 5725 696 
190 8268 2659 1862 7668 5831 3959 29 2556 9463 
4146 9838 1173 1582 8845 1534 1021 92 1173 9067 
6298 2345 9321 1650 4999 9998 4087 8272 1163 2597 
3767 4727 6816 4546 6693 4180 2051 6418 532 2063 
2279 3219 305 6339 2175 8420 2566 4814 3180 4399 
7248 7499 3475 3908 5508 7838 5603 7240 2477 8319 
6341 6925 3273 2491 5541 8484 4820 856 4064 5840 
501 9288 7086 2525 4472 2079 1826 2353 8028 4872 
2400 9186 8590 5556 2735 9736 8437 7957 239 8132 
3135 7003 3308 8336 5884 1724 4739 377 4346 9241 
8772 3707 6001 1791 3209 9196 2160 2555 758 300 
8822 194 7570 5979 8806 7840 2309 3324 277 927 
2034 9336 2566 2378 3319 9558 536 9970 6578 2985 
3486 7345 4806 170 4767 93 4511 1977 7023 8383 
8082 3566 5838 9077 1369 468 3487 8533 2302 1480 
8796 1635 8981 4446 8184 7621 9502 6630 2837 7973 
8715 461 2440 1062 9279 1462 1833 6218 2040 9306 
7471 835 943 5694 27 7481 1966 8036 7443 1404 
2993 7093 4595 4779 9023 1214 1087 3796 9626 1672 
156 7980 2597 9420 5087 5873 5639 8822 598 6462 
6174 1017 1126 7999 501 6308 3477 8406 4088 996 
6393 9181 2071 826 8336 2717 6665 9854 9890 7086 
8867 1812 995 976 698 5102 7293 9610 7509 2338 
1758 3088 2774 2173 9294 5850 8715 1112 8340 6355 
7952 8587 3577 3104 6327 1119 6285 4850 4666 1976 
4120 3261 9808 259 8388 2217 9279 7979 4137 3528 
8690 2643 9913 7098 7035 1999 2494 1022 3257 8051 
9600 1802 7565 9745 5915 604 8266 797 304 9314 
2348 4419 8059 5975 9674 3532 2037 4623 7326 2684 
7147 2933 9317 911 4191 994 4098 3878 5997 1425 
6440 6684 5073 3953 7960 4798 2311 5931 9495 2155 
5091 2980 1748 2648 2434 1237 329 1463 640 6457 
3151 3544 9835 9319 2471 8864 6552 1553 1206 890 
3221 3932 9680 7116 5407 6289 5193 6539 2581 6755 
6264 9105 2637 4226 4236 4590 1653 8479 3812 6124 
6796 6417 3322 9048 6626 8231 3103 4302 93 3215 
2781 3044 7869 9463 7336 7226 2387 5490 3575 1919 
6829 333 7762 568 8837 7394 1132 2333 4876 8412 
6803 6740 3169 1933 2662 4611 6694 5869 9110 5568 
5204 228 879 43 1789 9593 1177 974 6787 5275 
3979 7587 536 3504 2287 4311 4117 8333 8620 429 
7711 5174 5087 2007 2486 7478 9787 5345 8432 785 
4723 4318 7878 5575 4742 2983 8813 8252 9307 2864 
8824 2566 2764 4349 6700 9302 5543 8646 7268 4395 
66 2055 2214 5251 160 2235 8613 7956 4338 3290 
1144 2186 7119 2752 4172 8209 167 2656 4757 4486 
5540 713 475 8553 7315 2712 4770 4805 3409 6893 
9914 1668 937 5618 2425 252 2621 2746 2709 5310 
4211 1879 4423 561 5346 6383 1276 8586 3980 2319 
9118 2464 5567 112 2082 397 1575 105 643 7751 
3638 3989 975 4975 2183 919 6064 9673 3247 4939 
8766 222 3861 2543 6003 5358 8627 1266 912 5898 
4029 3851 606 1474 2482 1037 6823 9530 4977 8122 
9429 994 1390 2645 3275 7877 5781 221 5603 9826 
7453 759 9144 6570 465 5338 2838 5609 8059 9537 
3166 3609 9186 4364 9918 3155 1254 7401 704 583 
7976 818 5458 6975 6464 8886 6934 5438 1962 9948 
4427 7678 2528 5460 3499 5275 7758 7249 9398 9930 
2145 8341 960 5615 3810 9595 1430 4269 7026 3035 
2567 7998 7590 6409 2272 6021 6068 9279 2136 1458 
286 684 670 2551 8704 7612 2624 3225 501 491 
8301 7593 6798 3669 2813 5619 4357 511 1503 2230 
9583 1243 6851 1109 3552 7271 7097 6350 2052 3704 
2970 1241 5803 8246 6150 1651 8084 3559 1837 1580 
4477 5904 4146 2989 2570 4825 4540 526 7236 9473 
175 8503 6116 4177 827 4597 4928 8245 4676 5760 
901 5353 8050 1595 1814 9841 7433 4539 180 5724 
363 1931 959 4025 749 95 1884 3353 327 1512 
8183 8535 5008 744 5690 1766 1833 3574 3502 1099 
665 9940 2050 7963 8825 9759 8186 6837 2001 3127 
6377 9843 9187 5679 547 5084 1141 3543 2876 5182 
9957 2953 5653 9451 1704 657 7544 2786 8340 4656 
385 8991 7168 4162 1264 8581 7880 14 269 5835 
2084 7214 1003 9428 3195 193 9328 6244 7572 317 
19 1247 7742 3496 4663 5364 721 601 5559 3787 
3348 3194 9410 315 3808 7122 7258 2031 5093 8144 
2743 4826 828 1722 257 1304 1805 8807 1646 8822 
5969 6985 7961 5797 1898 3295 1252 1883 8962 8057 
1023 9099 8225 6046 969 2086 3891 4331 3382 4754 
5946 5901 241 4266 1664 3921 2212 8374 5567 9129 
1175 1068 1476 770 8757 6391 5169 5700 2485 6007 
2547 2857 4327 4665 4403 1570 3709 9321 4401 9190 
4860 8197 8749 3773 6723 3235 6168 6204 652 1318 
2331 7505 7072 925 6757 4017 9104 1133 1435 1104 
913 2736 4043 2721 8808 1437 4451 1327 70 122 
9840 7452 7093 4352 4648 3751 1636 6046 5131 8851 
5696 4129 1080 6245 9524 6034 9852 1422 7569 1439 
9105 5867 5649 159 8004 2185 5209 6448 5463 3917 
749 3364 2857 5522 121 4060 386 9332 989 1170 
4099 1725 408 4109 2557 4702 9737 5425 3554 2801 
2897 9270 489 5084 4061 1594 2661 1977 611 7273 
2904 1139 4698 6540 6388 9395 8623 5935 2771 9980 
9045 6776 9527 2580 2493 1877 1412 8196 2711 596 
2637 3090 1240 5433 5196 5357 76 60 998 6872 
573 2033 2302 1835 196 9612 4281 182 7456 1908 
6979 6663 5557 9655 2623 1518 8759 5822 2356 5247 
1703 1667 2790 9576 621 2976 2899 2020 343 9962 
9680 5071 6992 4926 7554 811 1012 3931 6833 4114 
579 4448 5481 1853 2373 4599 1044 9300 1725 418 
165 6951 993 6756 4454 7437 9240 3796 7172 1914 
5301 2638 1817 1590 1939 7930 2618 6076 1938 3313 
9090 5312 4897 2109 9119 1221 4060 560 8892 3502 
3016 680 7983 2067 3116 5378 1747 6967 7170 332 
3353 7847 9183 1887 5274 4869 9359 1869 1520 5446 
6021 5735 9782 4712 1954 1218 8797 249 6210 5115 
9488 2356 4431 7705 1786 9165 2705 6738 3543 8047 
1891 5568 680 6899 1708 8437 1595 7396 6140 2573 
2187 2705 2869 8868 9619 6674 2397 4184 3785 4847 
977 6607 5368 3677 2411 4827 7614 7243 8807 1437 
6856 8444 5523 5801 2923 2117 1925 1641 1541 5082 
8273 9188 1538 372 347 4544 5763 5142 9818 1189 
652 7968 3230 2004 8285 5939 5268 9769 9875 2342 
5335 2540 8992 3816 360 3406 2217 8055 4369 6082 
622 6192 1927 6937 5935 2472 7343 4292 1821 1947 
2450 8499 1566 2995 7171 7971 6437 7196 4257 2488 
7506 3701 8920 2807 5398 2169 3341 5767 3529 7999 
1833 3272 9727 1342 7909 1589 729 8997 3768 6567 
6152 8507 397 2922 4295 3122 5256 5331 7242 625 
9738 1794 6113 4834 2755 6388 9041 1096 504 9117 
4661 3974 901 1652 33 6268 4436 2223 5176 4211 
559 3985 8030 4124 9474 4577 9440 4739 5429 4604 
98 7290 5016 4270 297 755 2752 4365 3803 1613 
3601 4695 6244 5044 1948 8285 6395 4594 1596 2927 
5828 8346 9675 1626 8710 8759 1834 4128 7663 8512 
4961 8775 2551 606 2499 5348 1331 2449 9686 281 
5547 1552 3489 5357 4510 7936 839 1003 116 5064 
6884 2174 4837 5906 4101 3195 1432 3651 7036 5551 
7998 8303 3844 6683 5200 1879 7538 2701 7781 6868 
8749 1841 6585 9401 1200 6199 8523 9188 2765 6263 
7254 3237 7972 7906 9955 4594 7844 3163 7580 6234 
4817 3367 9539 5016 1399 2400 4020 9227 4590 2848 
5513 772 7231 3676 3981 5999 2405 1166 7411 8534 
2871 216 4776 8098 4405 2454 3462 6387 3169 9091 
1594 6290 6785 8175 6984 2757 2434 4159 2509 4195 
5519 5621 7062 1353 673 7346 2943 4539 7417 1977 
5902 7215 2861 3174 4402 983 367 7615 4310 1997 
6132 3770 522 420 1955 8351 2324 2668 5548 2655 
7842 679 5132 5861 6723 74 5646 4107 6199 8870 
1187 9201 7093 743 998 7914 4300 2812 217 9575 
5979 3640 6580 6920 4468 4184 6752 8351 1454 6327 
4830 7208 3643 2158 1805 23 9930 7136 9740 9376 
158 9653 8844 8412 8606 7829 2730 8602 6318 7928 
2956 6757 7549 2268 9850 9653 1680 1654 9471 7640 
7568 2348 927 9602 8288 2770 2395 9571 2178 1475 
6035 5496 442 979 156 1268 9202 1459 8370 4641 
7056 261 2223 6433 933 2032 2301 8314 2391 5862 
1353 65 3921 8084 2744 5782 6601 1769 2862 2049 
1795 6299 6940 7275 1892 983 6762 9969 4938 583 
950 1284 2330 3321 6299 6420 3641 6893 4086 638 
3279 6655 2741 8947 4905 4086 5745 6923 7086 5228 
3805 2778 9941 5248 3119 914 5797 3992 3247 25 
236 2890 7293 4557 6100 9581 3640 5077 6019 4011 
9148 6825 8546 9002 1388 6453 4976 716 5345 58 
231 2643 8769 5925 6144 1769 3491 9540 8195 1151 
3298 7494 9586 5876 2480 3571 5382 25 4573 4076 
5705 2050 4152 5700 4998 2991 2453 8063 8654 1532 
9056 4681 8509 5862 7633 667 7228 5279 769 8746 
3272 1492 779 4512 3074 1933 8150 5438 5336 1828 
6835 8402 4245 1178 2322 1318 2501 9366 8505 7033 
6059 1599 7111 9987 5302 9084 3222 2259 8385 8394 
5920 8282 2730 9167 6964 989 854 6028 1432 8663 
339 1752 5569 814 477 298 673 9127 1829 151 
3984 2700 5679 4717 3534 9325 1515 1631 3000 2037 
4871 3538 3705 2062 9187 7911 2227 151 4213 3563 
478 1445 9517 1675 560 2920 6075 1515 6173 9808 
5744 9097 737 4943 3299 3422 8908 2977 3429 709 
9070 3577 7543 9103 9907 9229 2778 2118 9888 8533 
8966 4208 2767 1680 2912 1366 6231 1337 1078 9510 
7888 2664 7917 1237 789 6955 301 1753 3770 918 
378 3111 944 2072 87 9448 5799 4784 4550 1298 
5140 3216 9299 9140 195 3121 5314 177 7183 1527 
54 9392 3135 6695 2308 9491 8035 9702 3670 5256 
752 7284 2612 6285 2775 7721 6256 3207 1981 4494 
7537 4548 583 7359 9459 2735 5060 3055 2429 5348 
7119 6733 1475 5012 4725 3366 1020 4667 1012 234 
7687 5441 2437 3139 6826 7262 3355 9572 939 4978 
1772 7215 8450 8851 3456 1898 2062 3640 6839 4626 
247 9238 9920 6272 8341 4489 2024 2763 911 2693 
2895 8911 4998 5325 3505 2012 4467 8196 4419 4450 
3550 6402 7821 2572 1521 3545 8407 1082 9788 2009 
8807 675 7370 6560 9642 4474 4788 4678 5424 7441 
2516 9081 2573 6635 1085 6660 1357 8823 7897 9125 
1272 2490 1875 6783 8263 3275 9126 8621 7494 2469 
8149 3960 8026 969 5453 9914 6676 7282 2248 3940 
3574 6877 8355 9998 5270 4856 4258 2701 7185 8186 
4227 5210 466 4372 2064 8000 9491 2807 1161 886 
7410 4165 8257 7118 2584 4972 7064 1484 4359 2881 
7753 3835 6146 7481 164 8429 3617 8334 8431 5442 
436 8879 7017 1195 9352 6857 9263 2367 4456 501 
8434 5037 6726 354 1289 5075 8826 9077 3987 4110 
666 3837 3935 195 3835 9820 6128 782 7654 7907 
4811 5609 9887 4909 6275 9711 994 4480 8055 3698 
7135 3695 3738 3658 4184 227 9555 8462 4119 1066 
9990 216 5446 2192 6259 356 1129 6926 877 3049 
7599 9425 5742 5435 7033 6141 3993 8512 329 625 
4784 82 9759 8348 1847 1684 5936 1824 9896 1113 
9625 3958 9753 2881 4258 8834 7483 7621 774 3224 
8260 6341 1 7583 864 3120 4395 438 8611 7700 
2469 916 6930 5575 2817 7348 8450 3637 7 3729 
7521 5594 4757 4926 2708 2002 6231 7961 1504 6799 
9303 5601 6878 9660 4359 4854 953 3904 8284 7056 
7785 8036 1629 9826 2037 2968 6125 8816 1220 227 
4597 5071 7700 4282 9958 5308 4735 899 6204 4319 
2283 1434 5975 7873 6241 1588 7575 7021 8545 3458 
8805 9411 2851 7096 4970 5138 7713 9327 2218 2263 
7043 3447 7009 8289 4075 7217 9457 6135 3698 6940 
8122 428 9378 6574 2140 2481 5079 8598 5657 412 
7312 1727 1550 6152 2665 344 1523 2413 2702 2146 
7425 1361 2025 8713 260 9135 348 8711 2977 8135 
1142 3685 6105 422 2415 6003 1870 2632 4102 2282 
4790 203 6526 2928 3134 86 6996 1131 4961 522 
3044 1498 1865 7783 1484 6561 3701 1138 289 7347 
9564 3429 5057 4277 1680 679 6617 9472 5798 7390 
3240 6583 8566 9347 5523 1706 3966 5413 4826 5163 
1900 7185 379 5119 1147 6288 1654 7110 9629 3905 
1569 4911 8218 6600 956 1445 5480 3655 40 1007 
44 1052 3331 567 2448 5803 3703 2520 8245 1566 
9893 7726 5291 9594 1947 7785 4670 9636 3517 8370 
2211 356 851 4689 36 6392 2496 1341 1080 652 
3571 6134 55 6537 2737 3952 2076 4683 8834 7489 
2892 9368 6843 7533 1030 6558 2285 3007 5627 4748 
43 699 3024 1187 4241 1474 1602 1246 8083 9701 
3929 2448 3700 6350 8464 1997 729 507 4964 572 
1517 8540 1386 2107 2310 112 9654 196 4295 266 
2698 2703 2343 5114 8284 3175 9602 6025 4987 993 
5343 149 6883 4202 9746 9118 2766 6977 1331 192 
6030 4133 2414 802 1000 4464 2140 4414 3571 4868 
3714 3315 1122 7045 1817 9447 4382 3639 398 3376 
7128 697 5579 3125 7437 3315 1093 1712 5946 3484 
2247 4247 370 2111 3327 9211 8958 6350 8631 3441 
8132 9319 1879 4639 1628 5478 5241 9417 9583 3212 
5693 7293 2144 9583 2078 8028 495 8802 2725 1834 
9244 7686 3165 103 9417 9024 7814 3599 4579 3533 
526 6383 7794 4532 4653 2697 8735 9867 2447 8634 
6790 3069 7383 282 716 1034 4578 2771 1138 1919 
7994 1461 7691 2679 221 7546 314 2706 3341 3606 
2672 9782 1321 6481 9957 339 4571 216 7988 4539 
8643 288 9084 7698 196 813 7315 8130 2030 1458 
8014 2 4780 1305 7343 8488 8767 8710 2078 4300 
7435 7607 1836 256 5423 399 8356 4349 5931 5891 
5954 751 3789 5460 1416 2131 7229 1630 1902 879 
2602 545 8250 2004 9332 814 5281 4832 7835 8084 
5597 5495 7687 9947 1696 7043 1994 1616 2439 249 
4164 2691 7458 1149 9829 7582 1683 7481 3336 4215 
8229 8986 910 8839 8079 812 3496 940 6841 5592 
3977 8044 7470 1290 59 9242 4595 1927 9409 4270 
759 9503 1998 6784 3883 847 6852 7974 1348 2635 
46 1551 3839 3546 3554 7502 3908 9234 9185 4138 
1150 1574 7426 8853 3402 7229 7806 76 4974 3621 
4188 7615 2044 9655 3296 8610 9334 4653 2464 307 
3124 7025 648 5357 8997 5352 814 8348 4018 9551 
8376 3297 1129 8820 4860 360 3736 4937 8088 5769 
5528 4996 3140 7724 2429 1562 6452 113 7243 5998 
7954 3374 3291 1700 2332 554 3294 7659 7722 5546 
4097 122 6947 3881 2417 6458 2176 302 8993 1044 
9825 3913 1674 1389 6751 4093 4387 1087 8225 9204 
9297 3546 3827 1087 1072 2715 9588 1870 4579 2347 
222 8384 8 8155 2540 1786 7215 1614 7255 5997 
1565 3801 305 835 3692 2294 1958 8570 6101 175 
975 2533 2673 7353 5337 9710 4796 3902 9734 7233 
8955 3760 6243 8501 3952 3099 3929 4412 8747 8346 
4423 5422 6787 3693 5184 8832 9045 1369 4913 2586 
396 9617 4359 1018 1106 9940 3118 3395 8502 3478 
8460 8842 6319 3171 5695 2659 1072 3249 9956 662 
8492 2102 4458 8904 6331 2826 4646 4472 4526 7502 
3753 999 9200 2445 6399 1547 2125 5217 857 1414 
2567 4666 8749 2098 4822 8779 2171 5504 6688 4677 
5060 946 1723 5256 119 9125 4814 1079 7244 7523 
5182 5435 3060 5479 152 7771 7952 9746 5977 9563 
7617 5390 310 8466 1952 6674 9178 2944 5712 1269 
9690 9536 3745 1638 4735 8186 7846 9419 1492 6108 
4360 7560 9854 7914 6636 8355 9996 8020 2706 5510 
2239 3511 2752 2068 4156 7495 2255 976 6816 7723 
1109 7610 4676 7753 8882 5083 2081 4355 6062 2707 
260 7186 2979 1825 2869 9075 1959 1539 2885 6159 
4414 4702 439 4527 989 3312 2241 2143 3905 4916 
4498 2099 2369 6231 886 5336 641 6200 6568 2460 
2409 7029 2423 8592 150 7364 2348 2748 8495 2062 
379 8468 5194 7459 4968 9770 112 3338 9036 581 
6750 7144 1704 4752 1646 9491 6665 8837 325 4807 
3101 8124 974 8313 1157 7918 2983 7194 203 4159 
7691 382 1445 1772 10000 4349 171 3329 3281 7018 
1958 2590 6238 2274 9 8523 8611 4871 8837 8121 
6534 526 3767 3899 5061 2070 2581 6069 2496 299 
3833 6532 1906 8233 1388 8974 3846 5748 4183 683 
1176 6039 4758 2964 7881 9195 8174 411 9383 2203 
5025 3595 701 8951 2751 3729 4422 4469 1919 7260 
7000 2702 7198 1713 1022 3544 3992 7986 118 5231 
1701 5312 5389 2746 2437 2574 24 5532 4287 2648 
6532 6439 4101 8980 2624 7176 9725 9559 793 1263 
4572 9019 2102 6397 9748 1248 3062 1059 4912 8337 
9495 648 7372 6552 5032 4603 8026 69 9377 7642 
7459 8858 4609 7651 8507 1306 2168 5497 5384 9188 
2358 3322 580 3883 84 9342 4720 840 802 641 
8908 1794 1024 5813 709 8972 129 8658 5806 7407 
9949 624 7826 2362 4614 1031 857 5384 2029 4020 
1449 5649 6518 2174 4622 3235 7753 3770 6381 1426 
9002 5580 6453 8973 3819 6047 8408 1299 2689 9847 
9161 5398 4116 1076 1013 7871 3995 4122 3943 2099 
3272 6047 3431 6132 7119 6165 1555 1771 4749 649 
17 2564 566 5978 9891 3802 5359 2638 6492 6422 
1166 8225 6114 9858 7087 4336 6436 5330 2184 5125 
2430 5653 7023 6388 2331 4760 7226 4293 5338 9195 
9080 2450 1940 6281 5918 4292 3437 5218 420 6681 
9241 2459 6001 6202 2097 7145 1364 7242 70 1610 
2293 9056 2853 789 1708 8585 5708 5346 9120 5143 
108 1292 8818 7615 9487 5990 9162 6402 7020 1004 
4914 4170 1960 6156 8547 1304 9951 5237 3357 2603 
612 2207 2187 1587 7461 27 2421 4918 2147 3100 
4295 7955 176 2693 4867 8854 5482 341 3619 5004 
4135 9489 6513 6439 3745 3953 7674 1716 7156 4350 
6768 7498 3317 5081 6176 742 7606 1968 6020 9173 
2951 5693 697 8785 8959 7503 9267 2080 4844 2141 
1823 681 3991 9544 9561 9721 1947 4752 3168 2437 
8599 3546 5367 7745 1698 657 2253 6896 9279 4059 
495 6637 8754 7725 8253 7113 4513 1441 3050 7477 
2446 5590 8295 1907 436 585 163 2824 2175 8851 
9564 3589 1041 2435 1289 2358 291 7982 3163 1082 
1417 3220 1136 1333 1209 7956 570 2002 7837 8003 
6688 3965 2487 121 5700 3968 6421 876 8325 4988 
3829 6241 7845 8714 1418 8400 2270 162 4655 8568 
5328 3916 2059 5219 1598 486 7462 7611 3242 7638 
1804 3997 2414 1968 4656 6557 6988 5577 610 6458 
1352 9724 100 1075 2677 2637 1305 7674 3341 413 
1374 8088 4390 1134 2190 1905 2833 1128 8449 6538 
5540 3323 6693 2312 826 645 9664 8186 3257 5030 
8004 1146 6613 6514 2436 7200 3475 6374 9686 1496 
5136 2175 8058 9141 739 6360 6362 7365 9697 723 
6129 9815 4256 714 7425 843 2589 2357 2016 2457 
5890 5742 9315 3140 2610 1876 542 5392 3335 525 
7418 2722 6654 2176 6104 4023 2913 5570 374 7304 
1574 6542 3487 6684 4326 4890 3559 798 9504 2040 
7240 977 1646 3483 1590 113 681 5531 682 6124 
105 3578 5533 9216 1423 6951 2403 4727 6967 9859 
6362 5201 680 3523 4531 3312 5438 2213 4832 5002 
5129 2294 9119 586 4807 7443 2054 5816 9456 5934 
1839 1258 2545 836 6934 2155 6875 6237 401 1868 
9868 5444 3871 5080 367 9176 1524 5564 3728 5233 
84 5750 9698 2759 2461 3981 3332 863 8107 2849 
3169 5815 5094 5125 4167 1029 4702 6026 2203 4042 
6266 1294 3338 893 9853 9813 1283 8678 6058 694 
4548 6087 3866 6954 5202 1810 8636 4624 7165 407 
6252 8821 4418 6636 1478 6210 2163 5235 6556 5862 
7733 3110 8263 245 2776 9894 8667 4513 9676 7012 
6910 5657 9698 9263 9835 7535 4769 1024 1729 1838 
2698 9554 3169 1883 3101 8599 1352 9931 2941 6886 
2089 2774 9394 2153 7376 8426 5566 6790 3778 3139 
4627 9596 7720 2634 2962 2673 6286 5260 8822 9017 
2391 7404 5539 2442 7411 1803 7481 638 564 4167 
4894 7304 3837 5650 7642 1386 8380 9700 8308 2743 
4361 5731 5278 8884 2079 6899 4572 5509 1692 5673 
8923 373 6756 36 512 2789 474 7822 5886 425 
1521 5422 92 7392 6207 6690 1302 2531 7075 4860 
8514 9567 5929 1802 1910 3302 2908 1723 3977 5922 
9164 4862 1159 3948 288 5373 3353 7740 189 3562 
9476 9906 9351 5433 5360 5941 8247 4175 7564 8810 
7519 4393 1217 5895 9706 8015 4868 2776 1383 1770 
4303 8881 9223 532 5522 1797 3940 3215 2854 1255 
101 426 7779 6992 5743 7327 8435 2400 6415 1392 
918 9416 325 179 5127 6551 3251 507 1790 5971 
1399 1401 3432 1706 1492 9858 3764 3018 9688 3059 
415 2414 5625 4819 4851 1098 6177 3928 9035 7497 
7340 477 5914 9508 1600 2098 8173 406 7069 7028 
4222 286 4484 4671 8458 5141 1308 8865 8773 7137 
531 6864 493 8184 1282 7535 1420 377 8852 4989 
8866 8152 3993 1343 1010 4056 8470 3119 4731 6990 
3535 340 8235 4627 6583 9796 4623 6746 3111 9655 
6270 723 493 2447 2918 7887 71 1605 7206 1717 
8529 9957 543 3636 5052 7212 6421 1226 4623 6977 
3930 949 2433 9282 8268 9400 5736 6385 222 9200 
1516 9343 2037 9079 7392 2854 5044 5961 4098 8909 
3066 741 8224 9672 8665 2807 1069 7391 9035 5155 
9236 3264 8576 3748 957 3239 1595 5446 2702 4813 
8926 5840 3012 8350 7459 3479 7298 8063 7901 4735 
104 9104 8222 115 7512 4671 2586 2407 4469 6189 
4731 2555 2509 9573 7927 3043 937 7674 1087 6181 
338 8544 1929 2354 1494 3182 9520 9465 4539 2210 
4507 6121 2243 5157 891 5701 8689 7953 7033 9837 
619 6768 3295 2266 1201 9351 3221 538 8845 5827 
4144 8221 8683 9042 4102 1246 1035 886 5269 8550 
4 6357 1556 9918 2075 6116 8730 2100 612 3910 
7022 3777 9529 63 7342 1240 4793 1278 4916 4128 
8562 1482 2070 4149 7106 9164 9533 1212 2042 9054 
4584 3750 68 4034 498 8280 8567 6038 1153 5416 
3161 1094 1249 1866 3076 3091 4016 1324 2092 8195 
7147 2990 8608 40 697 823 5998 1461 1526 532 
3404 5823 5715 9585 437 160 6460 1245 9792 7826 
8714 3257 1703 6058 2090 3026 550 643 4365 1407 
7395 9869 8802 2492 4910 6372 2529 9369 4008 2646 
2601 2605 7577 944 4205 3775 6764 9352 1018 1206 
6766 2160 9260 1967 935 1209 2209 5135 1415 823 
6734 9113 3253 8532 9680 4818 8036 9735 6294 1348 
808 9126 1726 3184 2728 873 3965 1079 1267 385 
499 8443 5143 5801 6238 3857 8272 4188 2414 122 
4239 7815 7833 8034 4315 2272 7103 2808 8732 8856 
4625 9824 2629 4237 9853 5909 3361 1986 8973 4995 
2722 7267 7681 51 2454 516 8698 8280 4923 4026 
2729 5035 533 812 8903 8802 2413 9946 9302 8886 
6843 6847 5752 4900 2888 8243 8847 6772 2461 7364 
6036 2217 9857 9863 1787 9320 3633 2457 5751 7788 
5888 9451 698 7577 913 621 5088 5248 1474 9033 
6493 3363 2396 1828 2436 9882 2632 1105 5322 9652 
9348 1703 3098 9249 7958 6035 8489 3584 3793 7249 
4877 9205 7190 8887 9242 7806 6172 3058 1597 5477 
8147 1174 5341 1672 53 8000 1342 6808 5630 1406 
5111 783 7982 7473 9863 261 3340 2273 8212 836 
2685 9362 852 2555 7573 4919 8799 8128 1742 20 
932 794 8407 8776 1724 1597 4654 7338 892 1991 
1137 5730 495 8747 8033 460 9939 9228 3337 297 
5058 1420 9166 3815 6820 4901 7879 7058 3491 6072 
3230 8410 3967 9540 8183 4567 3507 3274 7376 5130 
648 7711 3274 2054 7432 2785 5512 2527 1462 6093 
3541 450 5116 800 7803 8933 5989 9276 4433 1744 
2188 4286 2581 6748 9940 3262 5498 2043 9466 263 
5107 2745 3000 7751 3345 8049 2172 1721 6601 547 
6472 9537 6106 5540 5386 2327 2269 3590 7167 7449 
1822 7882 7444 6074 7450 1331 2621 543 3865 3325 
5898 5707 3838 2094 3174 7401 1981 2779 3569 2266 
4892 238 8769 6976 8669 5303 3157 6171 3643 2737 
1994 5457 1187 2999 8257 8787 4598 8998 6913 3166 
7820 2996 7241 2335 2506 97 9225 5147 5302 541 
6305 718 5851 2330 521 2866 2665 6404 1091 8690 
414 9102 2174 2543 9163 9855 5613 435 3728 2669 
2248 4420 154 9800 8224 3531 6382 826 2040 9286 
5990 9790 7667 6795 2347 6399 5033 2094 7779 9666 
2142 293 8478 5958 3316 4986 8940 9834 9711 4144 
881 5809 9193 9097 2987 2178 8952 567 6451 5058 
5341 8546 4978 374 2463 7034 7431 2563 4599 1054 
4726 8377 172 2044 5602 5424 18 2265 1966 2321 
4431 8163 7809 2424 8382 725 1160 2729 9816 1531 
2801 5185 1215 3159 4229 141 4716 5859 3252 1489 
5420 3176 776 7218 1031 4590 6963 7396 786 5365 
7946 2556 5637 324 5367 2605 6046 1568 537 981 
2119 2399 8463 1373 9046 7628 3957 5564 2132 2814 
2141 4382 6529 2325 1457 3332 7014 2005 5144 5083 
6954 6774 376 3777 1177 9114 4587 1445 1249 5393 
9077 8927 1919 4266 37 2640 6586 2427 938 2811 
8862 9794 8296 1299 1485 6637 5018 8023 6864 2407 
4602 2236 4388 7716 6543 7850 9811 5375 8375 5658 
3119 1937 9157 9950 3415 3349 5372 7473 8883 9530 
7437 7744 6578 6585 1629 7305 519 2983 1803 2291 
4079 7341 2736 5919 2854 918 9224 6334 2283 2297 
9808 4195 6385 5208 5249 7130 8327 984 8652 8744 
2122 9650 2278 7621 633 5321 2853 3544 8393 2509 
411 8529 3066 7935 8819 9277 2186 2310 4986 485 
5785 3729 3841 392 4141 5182 2848 475 7591 859 
1468 7102 7013 9467 7004 2161 57 491 3928 1702 
2698 4021 7699 4361 5753 436 3995 461 9511 7626 
8654 8488 2261 335 8368 4290 4012 6107 170 6922 
287 4549 53 6506 8173 2700 2487 780 8635 7 
3149 9549 9393 8904 8778 8801 2212 1750 5119 3703 
5861 3035 1612 9918 7335 6203 4853 3080 1990 5430 
4760 3102 8551 5984 814 8693 7514 6271 5089 8751 
6599 8596 8989 9860 4504 1742 8089 563 35 2827 
2616 6548 9564 8977 731 9584 3080 2236 6009 8963 
9668 7640 2418 9808 9895 1442 4800 1477 7013 4138 
4959 9345 630 3340 1791 1492 2422 1391 5560 2518 
494 8044 5389 7083 1780 1859 6675 3684 782 7227 
5348 4681 5932 425 7199 1990 6583 628 7699 5988 
9780 694 3276 9994 2158 7509 2076 9380 2067 7138 
2142 2 1309 4129 1447 3940 2037 7899 8366 8116 
6483 5089 4861 6292 808 2977 9720 9835 95 4526 
9838 1130 6225 7371 2238 5059 6297 8424 2236 3468 
3495 5312 9811 9744 2185 162 3437 1831 4391 8207 
1281 2936 7133 4851 5645 8700 8846 8760 3316 4916 
5591 311 8953 4653 5123 1568 9533 3059 1837 1293 
4838 2548 9594 3745 1568 935 2040 3110 1416 3245 
6802 3704 855 3430 1670 668 6203 6279 5736 4438 
652 8507 216 7513 190 9319 5313 9423 2178 2210 
5092 6443 7090 421 549 6237 6973 6928 6243 2295 
8383 6749 4526 4046 149 3512 5476 9043 2448 559 
7229 946 9880 8807 328 8010 3330 1199 1237 4110 
2677 3193 8820 9324 841 9734 7678 5324 5537 8001 
6611 2155 907 1455 5651 7625 3878 6790 5921 1599 
2163 9771 1909 5189 175 5408 1505 6035 5568 7982 
7398 9238 4557 2543 6695 502 2579 912 9598 2278 
6101 1364 9710 5019 8500 9788 6634 6032 4384 3798 
4052 5081 3309 9300 3960 8343 42 5903 233 3708 
5966 4059 3900 2687 7907 4796 9908 2898 1735 7689 
3294 5410 5761 6689 5790 31 8081 1947 1225 3437 
6731 4770 2901 1353 8486 4001 397 4784 5168 9275 
522 1037 3764 8206 3679 1073 5534 3113 6099 7320 
4078 9883 5812 6233 2636 2270 1546 2526 8443 9749 
1545 1670 7008 6865 1948 167 4933 7578 8302 5927 
3337 5900 58 381 75 6976 8039 9748 6807 5885 
6588 6928 5552 2318 9802 4995 5870 8869 5657 1890 
8553 4480 2547 9604 2327 1404 2657 8091 7299 7047 
3122 9158 591 6923 5747 917 8955 231 2812 8335 
9350 128 4679 7233 2275 8664 7974 8984 5632 6941 
8789 8161 9252 9046 6478 2078 3591 6634 172 2348 
7639 9969 370 7827 5688 6574 3708 782 795 5614 
4966 2427 4578 8090 2892 7172 9474 371 8642 3152 
5882 5567 9749 3732 6019 6894 9489 2670 9961 499 
8853 5283 9882 1679 1156 5095 2252 7088 9277 9389 
8931 2378 8765 3584 2163 6180 2963 9730 2547 2199 
8484 7794 3299 9058 4865 6115 47 9249 2262 1994 
1621 639 5044 8824 5363 3594 9425 1786 3860 9318 
1470 9581 1341 9253 6841 3174 2802 2197 308 8545 
1535 2218 5942 8103 3892 5886 6913 7942 3328 6182 
1076 3868 5313 6087 1537 5555 5595 3209 9185 8532 
648 9354 4055 6549 3406 9350 1890 228 8215 1942 
2327 9609 1117 1814 6127 6311 1924 1451 2349 4196 
9101 5541 578 842 7736 5570 7572 7644 1193 3028 
5581 9164 3775 4675 4480 604 9617 8021 4977 3588 
3913 2605 5637 9572 3382 146 8679 6154 2684 850 
2381 518 6943 8487 2714 9740 4912 4744 4374 5146 
2951 1635 1051 9019 9889 2458 2177 1643 7404 2235 
4460 5292 3665 5540 3300 9128 7825 2455 6070 4568 
9716 570 4665 2132 3837 9491 7795 3356 3890 8962 
9613 3239 9066 8159 868 4937 9432 6805 3026 2986 
8839 3967 4301 1653 2262 1795 7597 2398 5815 4524 
1908 5528 355 9564 3305 2150 4176 801 3429 5984 
7205 7735 7410 2217 6844 7807 5905 2494 9401 8751 
2123 7537 7867 1273 1290 4951 8289 4880 7257 5854 
1663 2681 9865 6212 5729 943 4389 500 9759 745 
5592 658 3953 7503 3870 9193 6533 795 2633 6002 
9519 3485 1013 552 1376 9986 589 8970 3050 9701 
223 8320 3250 2102 909 5298 9687 283 4918 534 
4259 964 3093 1912 1488 1635 1544 7470 3020 8956 
7587 8508 3296 1433 3222 7942 2589 2017 7421 6229 
9944 8090 9190 6508 9704 2972 4376 5739 2637 4552 
2178 723 1523 873 7570 251 5416 8730 4967 7170 
3066 6360 2905 4566 804 1642 5959 5204 3211 2590 
4305 753 5092 8805 7768 2249 6488 8786 7970 6455 
6010 7647 1603 9124 7272 8737 3496 3218 7905 476 
9589 6299 6375 5930 786 7462 2068 2856 1185 5723 
1281 1938 7667 2534 1173 3072 6012 4193 3707 9120 
6692 2333 2263 5927 607 6145 7402 7826 8175 8791 
6612 6562 8377 5218 8986 1127 1798 4757 3672 3516 
1770 5232 9480 4675 1226 8604 3588 6274 1497 7178 
4408 1327 5604 2534 2108 7144 5824 8386 9680 7494 
4512 1984 8520 835 5211 4943 2651 5961 6572 4443 
8759 8989 5340 7358 6199 4892 1534 6427 2600 7956 
5481 2861 3512 6070 3676 491 47 1515 332 3726 
9283 405 8241 1014 567 1303 5954 3306 5459 519 
1342 1551 3194 8803 5966 8076 6167 8290 6279 507 
2890 7357 5667 785 578 93 4402 7298 8843 647 
1965 3471 1562 4229 7932 1137 6246 1206 5688 8795 
3978 9898 9635 2619 6632 2182 4167 5713 7056 5583 
4909 8547 1233 3413 8975 5616 2575 7917 9648 1091 
2278 1380 9466 1275 8206 8256 4983 809 2847 9641 
5940 9481 8343 809 6116 1845 9754 2511 2449 9254 
5641 3562 8008 5292 2662 9220 4309 1600 6647 4605 
8572 4280 697 9178 795 3147 6614 9550 3628 2758 
3146 3703 7455 1326 8867 4972 8279 8774 4263 8406 
9763 7267 1643 2332 8992 8686 3233 2035 4253 6410 
9041 6837 4240 9703 9931 1970 3127 2983 6059 8485 
6466 2911 3711 9113 191 5408 6037 187 917 614 
120 1569 1509 6208 6653 2539 1341 945 25 4345 
3376 1766 3413 766 1475 4474 6837 1843 8392 9799 
453 3215 624 9773 2133 4054 557 7927 2214 4799 
9958 8844 6613 7242 7839 4884 6904 5377 9672 253 
8375 31 5460 5580 829 4159 9005 4439 9294 3350 
9429 2194 1115 739 9904 3976 4260 3638 1409 4669 
4398 7695 5859 6450 2981 3752 7049 7225 6035 5350 
359 9065 4642 9899 7970 2580 2526 2560 85 4183 
8975 9666 8294 2193 4006 3066 4329 1496 9733 7137 
3124 2073 9764 1075 210 2382 7793 7428 4955 2277 
7863 3040 915 3038 4515 7223 354 2613 8851 4826 
6341 2561 5807 9199 9028 5868 5261 3819 3363 1509 
1984 752 6988 1698 7360 3220 7436 9865 2336 3220 
3821 4209 8076 4041 1685 4868 865 3899 8509 6184 
4786 3123 2228 4399 3511 1749 9349 2715 2889 1630 
998 9158 4396 5914 738 1921 6412 185 2026 8091 
9995 8546 2359 2309 4233 25 5844 3219 1429 7054 
313 7845 1027 166 5034 3255 1295 9581 1730 1814 
9537 8443 9594 3860 5218 9911 9631 4542 5245 1338 
1299 2220 6873 7750 1266 984 9606 8742 2167 2723 
3894 7975 96 8340 4607 1976 7648 1426 4926 6350 
9555 133 798 9515 6039 6535 5417 5264 7066 945 
5134 6592 8174 9987 99 9335 2148 4228 3805 186 
3960 5051 5278 4881 5865 7997 5502 5123 252 8248 
8429 8176 961 4223 8599 645 1126 4071 6986 8652 
1194 401 1988 1938 1173 1258 593 1501 1366 6687 
9379 8733 1198 7845 5314 2913 3147 6727 23 2254 
4167 6257 6851 8108 530 4061 7813 946 5709 2092 
5708 915 9385 1768 3594 1144 8879 4007 7530 9376 
4497 5362 755 8229 5616 4711 300 4145 8384 635 
2963 1025 777 6724 6265 585 2064 9207 5184 2840 
709 493 5624 8126 9918 7324 678 4059 2708 1107 
6646 2249 795 5141 9763 6908 88 9066 7556 7577 
9999 9874 8217 709 4299 2427 6534 2511 273 8805 
399 2065 2647 7908 1798 4979 1360 3398 304 1073 
2443 9702 9166 1871 4270 7728 2875 5241 4781 1989 
2657 4671 5632 5249 1554 2817 1779 412 3011 4951 
2927 5422 9483 9365 3641 6167 5853 1405 7657 2510 
2481 5893 2398 1207 106 6922 9841 8250 6740 2549 
999 4370 2204 5517 9371 9923 1685 7709 3099 3696 
4840 1432 3169 1212 1403 7098 5877 4143 4901 5953 
272 8459 1857 9996 788 3008 9969 4706 7179 8652 
9878 8695 110 295 6589 2666 1752 2175 1963 9058 
6505 1263 4956 6874 8894 8981 4232 2634 7137 6676 
4312 2409 9885 1239 487 944 3126 1223 8588 528 
9638 4303 5448 1319 778 8125 4459 5599 5295 2636 
379 5543 311 3600 4552 3126 4448 5586 1753 9421 
807 2877 8779 3180 8088 424 2300 2376 522 3477 
8515 1084 2553 7384 6786 6909 35 9420 8254 7954 
1736 5363 9567 7460 5659 8237 307 7267 622 1307 
6855 1449 4797 5060 5721 8675 8458 3479 8632 172 
1385 6130 1629 9996 476 738 9102 9730 6050 2780 
8671 5837 9259 8460 9564 7346 6527 3132 998 2233 
5728 8776 9834 6024 925 2575 9112 5156 6553 7452 
993 9061 795 7045 5298 586 8871 6788 545 7357 
5981 2773 7430 9512 2496 687 7820 6584 5258 518 
888 8960 3454 5744 5625 3761 1070 2439 1184 4121 
1614 7278 2 7082 2825 7288 5147 333 3490 3077 
2838 678 8125 2702 7274 3402 832 387 6423 7102 
8724 1363 9730 7009 5008 2316 6573 285 4408 7012 
5194 3994 2097 3015 6449 52 5449 7729 6128 9182 
8229 574 8947 1126 6379 7376 1972 4395 1793 9330 
2100 1372 7701 8139 3835 5635 5278 6484 9661 5603 
4019 9085 5422 1821 8443 7069 5767 7097 1172 2441 
8680 1235 8968 1527 5408 3444 4701 339 9084 3539 
428 6098 8988 7947 7493 6517 6076 3791 3904 8592 
2050 1963 7511 7420 2707 5420 4770 9737 795 3427 
6403 7000 1500 1990 804 1608 8934 2920 9885 9407 
4425 1579 8234 4396 5863 5922 4540 9211 6509 7355 
1439 4104 2771 4925 860 583 5074 5695 7184 3667 
1781 2026 2077 2950 2612 4943 815 8841 3645 923 
1553 2828 4835 650 3153 1352 8908 2170 9810 4899 
53 6370 417 3604 5497 6130 2874 3111 8178 1548 
8235 6627 5311 9188 7497 8874 2758 2213 4226 6369 
8300 6596 467 5889 5411 8120 5115 5373 1715 2410 
8175 3766 1581 569 5359 2795 4075 7761 5193 2740 
4860 3277 9693 1504 6447 1755 2033 6558 9245 1152 
6550 2457 9068 2395 6378 2616 577 2750 4959 8293 
6982 7370 6267 4731 5292 6618 8930 2502 6994 5315 
9522 7014 55 874 9773 3540 9357 5414 3420 2056 
4863 4968 1441 7722 3988 4089 8478 2999 4708 227 
1044 7062 3114 9394 7391 5452 8107 5340 4080 8669 
4614 2062 8699 3908 8652 8489 1443 8629 5618 8094 
3922 4625 8965 2102 77 665 1277 757 7718 1303 
4277 1471 2644 985 393 5835 3841 5087 6273 7255 
4675 4056 238 124 93 8439 2099 2740 8582 2252 
1446 9338 2475 560 6390 689 4544 2145 3790 9255 
3420 527 5707 490 6550 1718 8203 7356 4587 4301 
1527 2579 6562 382 6275 9397 4977 1592 8403 1634 
4288 2241 464 6466 7006 4895 1307 257 1684 8137 
9024 5287 7735 9641 4751 4829 4930 8805 1640 7933 
5891 6958 9397 5689 9268 649 8076 319 6381 5853 
5524 5644 9176 9851 3704 4574 9350 5860 7835 4494 
9248 9736 1883 9566 8415 9115 5416 5119 3008 6909 
7671 2087 4083 1194 3666 7889 9843 1279 98 9412 
8475 2446 752 9401 9238 3156 4072 375 8632 8729 
2191 5089 2507 3159 4678 8883 509 926 9967 9993 
1384 280 672 417 3857 3881 1910 177 710 1049 
6972 3740 5490 8565 4092 1697 5218 8114 4645 8356 
5117 4740 542 2354 7647 9742 1594 575 7431 8554 
4460 3938 8178 9356 6892 4067 2743 6162 7195 4947 
7349 8319 5203 3677 25 8440 7651 6556 2613 3038 
3146 782 829 3870 5617 9063 67 3173 4222 8056 
5430 1447 8742 9442 7958 3090 2755 1958 3868 9614 
1910 7054 3384 4873 4239 145 9210 2272 6251 9395 
2293 6896 9165 8763 4464 366 6704 6618 2687 2259 
1563 2521 3586 5021 5382 385 8973 9394 9324 9088 
4888 86 1170 1051 4423 9310 5399 7375 4076 6229 
5740 2557 2651 5472 2470 3958 6479 4446 274 4418 
3803 3698 24 1239 3812 4499 6275 344 1453 2995 
5072 1004 130 7695 9413 113 2522 887 1876 144 
183 3519 8527 5314 5759 2437 238 5796 8464 5060 
431 487 6463 6536 7886 6492 3618 5538 1574 9822 
7615 3743 342 2095 2916 5764 3799 2648 1721 1212 
9805 2075 4227 3318 2508 2171 1210 2120 4285 2559 
2077 2665 5697 8082 5700 2174 837 2175 582 835 
6918 715 588 2140 2887 8995 3237 9116 8049 1224 
9740 7013 4427 6264 200 3537 6602 3487 1202 2898 
5530 302 1804 9221 6685 9082 7456 9900 1972 7192 
646 3515 4508 2920 1018 5507 635 7183 5613 1310 
4139 2570 9051 7370 6693 7423 4926 826 3522 2086 
3761 3800 3374 5625 503 5424 9502 7832 2428 4121 
6259 6528 7052 9285 336 4956 7699 1820 3385 9916 
165 179 5068 3109 3039 6483 3892 3577 6365 6103 
7003 489 2285 8981 784 6744 5556 7937 6810 2834 
4992 4367 1612 5709 1406 1512 5881 2271 4173 1406 
8345 6528 5379 9523 4861 1729 2606 6439 719 525 
7005 9025 1806 2607 4928 7712 6441 1348 8253 4929 
6761 7827 1509 9748 5044 3578 5382 7835 879 5546 
3202 4179 4596 6901 4272 1878 1333 3175 6802 4447 
4815 4612 470 2447 8178 4816 6289 8848 8128 8741 
4409 1609 8532 9632 7553 7265 3750 9516 9019 167 
7164 6852 3993 6241 4162 4227 996 1283 557 190 
9425 4531 2924 8260 4913 6267 5696 7653 183 9134 
3806 3233 8208 8079 5091 5842 9614 1806 9559 6221 
6885 852 6517 2421 2202 513 938 9473 9768 516 
6860 6910 3493 6907 9197 7208 2388 9115 9424 8581 
6876 3202 6075 754 6666 9787 429 2674 1698 7843 
8946 6932 7452 6506 4517 949 5469 2267 3461 2455 
402 3855 1131 7168 8468 5838 2427 7733 2249 2824 
2681 4760 1383 8036 2174 2239 9631 9847 9563 8808 
1495 7735 5789 970 3720 8016 530 8061 7881 199 
442 7997 12 4317 9746 8955 264 9014 4349 3893 
6678 1802 884 278 6864 204 9520 9169 9783 8409 
2996 4314 5908 6195 1376 5430 9825 9471 4948 6308 
2744 9820 2466 9772 6844 3654 8408 9959 9544 937 
268 8590 3461 2585 6632 616 1231 2465 1864 9103 
5402 1595 561 1730 1057 5824 6101 3488 7199 6464 
6420 9635 9810 4531 7525 1995 9212 5121 2773 4797 
5116 6768 6735 2507 444 9820 4622 9253 4380 6092 
1439 5681 2064 9795 4809 7751 2277 1571 8833 6096 
2874 6089 4618 9985 813 2853 1018 6658 8259 7944 
7827 2244 3307 4019 1103 2401 6613 3053 2269 5526 
9887 4085 6812 4783 9249 3833 4853 1538 8586 3511 
9247 287 2250 1410 237 5158 6706 8424 218 1833 
728 5617 4039 6308 4127 5322 6436 42 8247 1634 
6318 4002 5009 3492 6728 3906 965 1575 829 8106 
3751 4067 5492 3636 2488 9765 7765 8186 9353 4468 
5340 1673 661 373 8444 9621 2335 8428 437 1582 
1690 5348 3464 641 4520 6481 7338 5553 9589 2388 
1128 3239 7988 6318 7595 7031 4650 4456 7180 3494 
5370 7635 5705 9801 8769 412 3560 1744 835 3442 
2683 2643 7190 3787 2500 3867 9645 5875 6667 1076 
4791 1607 2399 1345 5194 161 4682 1905 9865 293 
7783 737 7822 1387 808 6994 1988 8205 5699 236 
52 5588 157 467 6754 6975 4938 9033 5289 4084 
147 6836 7381 537 3385 3761 6783 8916 4361 3001 
2094 818 1601 8195 1755 7078 2018 6267 3926 2194 
2198 5746 4088 746 20 7301 6296 1975 8849 114 
8338 1402 7849 5272 8229 7522 15 7054 2316 2719 
577 5607 895 8311 4448 6613 5899 1178 878 6716 
8255 2321 1417 6920 9032 1612 4071 1474 9024 1820 
562 1854 2130 7710 2790 4904 1041 6873 7544 3649 
6105 2362 4682 8324 5894 2094 5932 894 8196 5279 
805 7981 8711 2803 9971 3800 4652 6002 3215 1856 
3744 1046 4660 2086 1983 3543 4321 9261 2351 4408 
9485 1200 1679 8220 971 3063 2314 9150 1150 2870 
8576 3327 5391 5783 1862 8288 8268 6122 2701 5155 
1299 633 9329 157 2288 9409 2435 9023 1971 7950 
7065 1909 3142 1525 9012 8558 7309 2280 8210 3502 
1758 6838 646 7152 2867 849 8181 7696 7742 548 
1377 4360 6812 6069 3019 1161 5613 8279 6165 4924 
2676 1123 4614 2665 1306 6136 4529 6761 39 4512 
4472 679 4899 8485 9997 8172 3338 2756 7130 1451 
8079 7904 8098 2329 114 1435 2119 7569 9524 5617 
6140 1608 778 2245 5566 1468 561 703 6639 1330 
1842 534 7587 9409 1510 3195 5903 8457 2619 8854 
9310 8712 2759 1478 2262 4590 7276 3315 9531 4399 
8237 8037 1778 4553 6960 5322 553 1846 4052 7828 
197 7588 8341 8274 4107 5460 9086 3281 5155 2432 
7327 2577 922 4608 3519 5948 4183 4558 7939 4373 
8224 9865 4223 782 638 7127 380 445 5807 8831 
4875 2575 9274 9814 4265 2364 8952 5031 2308 5214 
2689 4104 5325 7901 8228 1307 5886 8460 8924 6307 
7454 7818 9535 3688 8211 9857 6104 5052 6535 8243 
7624 654 2686 8630 4392 799 54 9053 4338 4132 
720 698 961 3675 3582 9344 7558 1409 6414 318 
7996 7955 278 169 4862 2628 7488 1592 1400 6398 
1096 7126 668 2588 3699 4915 8054 5064 2483 7900 
3617 1969 6585 61 571 5391 938 4740 6374 4554 
9908 9752 2129 8279 1042 5722 8439 3876 7599 3082 
5574 2663 7144 1581 6899 5873 4085 4509 9212 5641 
5737 706 4669 2023 3191 3328 2407 1389 1944 5233 
9438 9117 2202 4692 5730 1175 1787 4853 97 8897 
9575 5584 282 6621 2398 2176 6645 485 6570 4653 
3266 1754 6943 6422 3743 8205 3155 218 5501 1693 
4720 2509 7109 9443 152 9993 727 5659 3657 1251 
2500 7892 6545 1744 7469 7240 6451 1720 298 672 
7674 5050 7600 2210 9566 704 2685 4237 9045 4611 
3637 8679 8636 1570 2579 1380 7173 1904 7192 330 
7971 6380 3911 9795 1588 3908 2757 5842 1839 4636 
6619 6649 2174 9564 6046 8171 2781 824 640 2574 
9988 2852 7048 7075 3857 727 4640 9512 9402 1903 
2717 4445 6226 7782 9892 2279 4345 9652 987 562 
201 357 1662 138 334 8987 4420 4219 2101 4599 
7889 8871 3369 9908 5180 6728 6266 6069 4915 2695 
9535 5633 5806 6844 6253 3547 1602 55 8248 2407 
680 8495 3353 9929 9853 6057 1745 3808 9450 1755 
5982 3156 9238 289 5899 3212 1163 8143 3613 9763 
5094 5752 8523 5659 2483 7023 1597 2306 1337 8269 
9448 8069 7874 5250 7752 3874 5678 1903 4256 5906 
2616 7299 7519 2631 633 1028 1475 9890 5643 1408 
1058 4521 2465 2245 1110 8711 4149 4062 2137 1540 
5921 6335 3426 9462 2291 2627 30 7096 6459 2835 
3971 2394 1846 8026 1680 3545 8080 8487 6089 8464 
7414 8963 8402 6367 2682 4 4762 1212 2490 4929 
3466 8199 5010 2406 8381 9107 97 4778 3154 6737 
650 8287 3552 4542 7053 7930 3611 5889 421 8804 
3988 9918 2786 3904 5621 4638 3162 7294 1804 2050 
5643 8943 279 6389 2165 6138 1842 8146 6678 8206 
3037 1559 8469 1961 8386 5016 6291 1657 5861 1271 
9327 9617 4909 3858 1753 1678 1794 6445 5225 2186 
1751 5970 2657 7777 7449 2454 9936 3155 6824 5726 
9401 4537 2999 2561 1267 5226 415 1712 674 8976 
89 9075 4838 7303 7915 662 3522 86 3409 4981 
255 8722 3440 5715 7330 6527 8952 6049 4780 584 
7368 2380 2081 3281 8231 9592 3228 4794 5376 6684 
3920 6471 8124 9230 7057 2510 4791 3793 6516 4817 
2668 6748 2469 9676 6738 5421 2680 7105 4475 5678 
5986 7058 1306 5574 4984 767 1333 3043 8600 2273 
1724 8918 2807 1382 9209 512 6154 1854 6648 4716 
5609 3908 2569 6028 1681 6562 4227 8921 8170 6542 
2811 2085 136 7177 7493 2467 357 9515 9546 6618 
9999 9079 4476 1558 5021 1604 7222 9471 3432 686 
7319 6286 4888 522 1824 413 7773 2394 587 1438 
2479 2528 159 4863 2184 9813 274 1612 6896 8860 
4750 1797 105 2595 9671 2978 4700 3546 683 437 
4723 3096 7195 1055 7657 5706 1018 805 6223 1692 
451 6196 7969 9565 7360 4147 2680 9806 552 9560 
9745 492 1768 1677 4430 8942 1606 180 731 5345 
8290 9353 6995 210 7693 5735 6436 91 910 4190 
2577 4946 547 5044 1751 46 5429 3385 3938 3500 
256 8719 3264 9521 7297 8825 1318 5744 8368 2627 
5682 1950 5072 9939 7281 3589 5717 6735 193 4966 
6901 2559 3514 6914 322 9524 7385 7019 7255 6570 
7709 5974 9569 3961 6565 644 7136 194 249 2129 
3534 3944 1337 7900 1775 3692 2675 9065 7498 7390 
9881 8435 6263 1217 3009 2790 249 5343 7647 348 
5902 1004 272 1045 6932 9855 9672 909 5566 2206 
2463 7657 8 7450 1464 1154 3783 955 4178 1205 
9221 7965 7362 9258 3675 4315 7872 340 127 666 
8993 5016 3537 1770 7973 6801 113 2360 4594 8019 
3203 8439 337 4463 3413 3393 743 4791 8352 2617 
1783 8851 9165 5650 2021 8546 3994 1013 3278 7765 
9709 591 5399 3896 2505 5561 8291 4530 9599 9901 
7017 9264 838 1941 1845 7885 8701 6181 1374 5940 
7377 7340 2152 1273 1099 4567 4155 5301 3947 6552 
1699 4768 5307 1605 8985 4980 5325 1315 1538 2560 
9670 2292 151 9818 3903 1839 6725 1993 3546 2687 
6469 689 8466 2638 9246 4784 7046 8532 1578 8105 
7671 6714 3975 2559 7024 5428 6623 8612 854 6815 
2554 9650 1167 4583 5346 4442 5240 6109 1383 9596 
9410 1174 1124 6406 2796 3799 7090 4432 8359 5519 
7483 3431 3942 7830 1010 1080 7684 2405 4401 256 
3659 7622 83 4369 4882 446 1475 1320 2326 2199 
6757 7773 1549 9603 2420 3883 4487 2189 843 1232 
6341 434 5351 5639 8943 2305 2076 1780 2208 2575 
2088 496 7413 5374 2933 5718 934 6015 1091 8220 
7284 1941 4917 2342 6244 2860 5579 6263 5066 4186 
2960 474 1626 7877 2341 3137 6266 3093 3741 9307 
2700 1211 1434 5035 427 2258 2744 9734 7700 4356 
425 5262 2408 2176 2465 5085 2494 5531 6114 9043 
7934 5013 4267 3412 5867 9374 2060 3292 8608 6457 
8174 5349 6127 2207 641 1930 6726 999 1221 8428 
4580 2692 8764 453 9098 288 4368 2059 1396 9128 
7682 8376 3898 439 2883 2807 6210 615 102 4753 
4377 3669 5909 329 9410 3621 9891 9893 6670 